1.0,43.43303,0
1.0,43.43303,0
1.0,43.43303,0
1.0,43.43683,0
1.0,43.34885,2
1.0,43.35455,2
1.0,43.35455,2
1.0,43.35455,2
1.0,42.94273,4
1.0,42.94083,4
1.0,42.94463,4
1.0,42.94653,4
1.0,42.34486,6
1.0,42.34676,6
1.0,42.34866,6
1.0,42.35266,6
1.0,41.7143,8
1.0,41.7126,8
1.0,41.7143,8
1.0,41.7143,8
1.0,41.02825,10
1.0,41.02825,10
1.0,41.03015,10
1.0,41.03205,10
1.0,39.97598,12
1.0,39.97788,12
1.0,39.97788,12
1.0,39.97598,12
1.0,38.86233,14
1.0,38.86613,14
1.0,38.86803,14
1.0,38.86803,14
1.0,37.85585,16
1.0,37.85585,16
1.0,37.85775,16
1.0,37.85775,16
1.0,36.49665,18
1.0,36.49855,18
1.0,36.49855,18
1.0,36.50045,18
1.0,35.48637,20
1.0,35.48827,20
1.0,35.48827,20
1.0,35.49017,20
1.0,34.09068,22
1.0,34.09258,22
1.0,34.09448,22
1.0,34.09258,22
1.0,32.35557,24
1.0,32.35557,24
1.0,32.35747,24
1.0,32.35937,24
1.0,31.92986,26
1.0,31.92986,26
1.0,31.92986,26
1.0,31.93176,26
1.0,30.37491,28
1.0,30.37491,28
1.0,30.37681,28
1.0,30.37681,28
1.0,28.18539,30
1.0,28.18729,30
1.0,28.18919,30
1.0,28.18729,30
1.0,26.31971,32
1.0,26.32351,32
1.0,26.32161,32
1.0,26.32351,32
1.0,25.61787,34
1.0,25.61787,34
1.0,25.61977,34
1.0,25.62167,34
1.0,23.95364,36
1.0,23.95364,36
1.0,23.95554,36
1.0,23.95554,36
1.0,22.94296,38
1.0,22.94316,38
1.0,22.94486,38
1.0,22.94316,38
1.0,22.08205,40
1.0,22.08205,40
1.0,22.08395,40
1.0,22.08205,40
1.0,20.82793,42
1.0,20.82623,42
1.0,20.82623,42
1.0,20.82623,42
1.0,19.96133,44
1.0,19.96133,44
1.0,19.96513,44
1.0,19.96323,44
1.0,18.47516,46
1.0,18.47516,46
1.0,18.47706,46
1.0,18.47726,46
1.0,16.31984,48
1.0,16.31984,48
1.0,16.31984,48
1.0,16.32174,48
1.0,14.99673,50
1.0,14.99673,50
1.0,14.99863,50
1.0,14.99863,50
1.0,12.8969,52
1.0,12.8969,52
1.0,12.8971,52
1.0,12.8971,52
1.0,11.87693,54
1.0,11.87693,54
1.0,11.87693,54
1.0,11.87693,54
1.0,11.21918,56
1.0,11.21918,56
1.0,11.21918,56
1.0,11.21918,56
1.0,10.02644,58
1.0,10.02644,58
1.0,10.02644,58
1.0,10.02644,58
1.0,9.01577,60
1.0,9.01767,60
1.0,9.01767,60
1.0,9.01767,60
1.0,8.148964,62
1.0,8.148964,62
1.0,8.148964,62
1.0,8.148964,62
1.0,7.238266,64
1.0,7.238266,64
1.0,7.238266,64
1.0,7.240166,64
1.0,5.886269,66
1.0,5.886269,66
1.0,5.886269,66
1.0,5.886269,66
1.0,5.220917,68
1.0,5.220917,68
1.0,5.220917,68
1.0,5.220917,68
1.0,4.348412,70
1.0,4.350311,70
1.0,4.350311,70
1.0,4.350311,70
1.0,3.86322,72
1.0,3.86322,72
1.0,3.86322,72
1.0,3.86322,72
1.0,3.165375,74
1.0,3.165375,74
1.0,3.165375,74
1.0,3.165375,74
1.0,2.620697,76
1.0,2.620697,76
1.0,2.620697,76
1.0,2.620697,76
1.0,2.101112,78
1.0,2.101112,78
1.0,2.101112,78
1.0,2.101112,78
1.0,1.757889,80
1.0,1.757889,80
1.0,1.757889,80
1.0,1.757889,80
1.0,1.381973,82
1.0,1.381973,82
1.0,1.381973,82
1.0,1.381973,82
1.0,1.108719,84
1.0,1.108719,84
1.0,1.108719,84
1.0,1.108719,84
1.0,1.016941,86
1.0,1.016941,86
1.0,1.016941,86
1.0,1.016941,86
1.0,0.8616638,88
1.0,0.8616638,88
1.0,0.8616638,88
1.0,0.8616638,88
1.0,0.8339729,90
1.0,0.8339729,90
1.0,0.8339729,90
1.0,0.8339729,90
1.0,0.9203835,92
1.0,0.9203835,92
1.0,0.9203835,92
1.0,0.9203835,92
1.0,1.042603,94
1.0,1.042603,94
1.0,1.042603,94
1.0,1.042603,94
1.0,1.162071,96
1.0,1.162071,96
1.0,1.162071,96
1.0,1.162071,96
1.0,1.481552,98
1.0,1.481552,98
1.0,1.481552,98
1.0,1.481552,98
1.0,2.043327,100
1.0,2.043327,100
1.0,2.043327,100
1.0,2.041626,100
1.0,2.089516,102
1.0,2.089516,102
1.0,2.089516,102
1.0,2.089516,102
1.0,2.649391,104
1.0,2.649391,104
1.0,2.649391,104
1.0,2.649391,104
1.0,3.372131,106
1.0,3.372131,106
1.0,3.372131,106
1.0,3.372131,106
1.0,4.031586,108
1.0,4.031586,108
1.0,4.031586,108
1.0,4.031586,108
1.0,4.771622,110
1.0,4.771622,110
1.0,4.771622,110
1.0,4.771622,110
1.0,5.427475,112
1.0,5.427475,112
1.0,5.429375,112
1.0,5.429375,112
1.0,6.495338,114
1.0,6.495338,114
1.0,6.495338,114
1.0,6.497238,114
1.0,6.894051,116
1.0,6.894051,116
1.0,6.894051,116
1.0,6.89595,116
1.0,7.584297,118
1.0,7.584297,118
1.0,7.584297,118
1.0,7.584297,118
1.0,9.898483,120
1.0,9.900383,120
1.0,9.900383,120
1.0,9.900383,120
1.0,11.03343,122
1.0,11.03343,122
1.0,11.03343,122
1.0,11.03533,122
1.0,12.34304,124
1.0,12.34494,124
1.0,12.34494,124
1.0,12.34494,124
1.0,13.73873,126
1.0,13.74063,126
1.0,13.74063,126
1.0,13.74063,126
1.0,15.56583,128
1.0,15.56583,128
1.0,15.56773,128
1.0,15.56773,128
1.0,16.86954,130
1.0,16.86954,130
1.0,16.86954,130
1.0,16.86954,130
1.0,18.75992,132
1.0,18.76182,132
1.0,18.76182,132
1.0,18.76182,132
1.0,19.88537,134
1.0,19.88537,134
1.0,19.88727,134
1.0,19.88727,134
1.0,20.98763,136
1.0,20.98952,136
1.0,20.98952,136
1.0,20.99142,136
1.0,22.94129,138
1.0,22.94129,138
1.0,22.94319,138
1.0,22.94319,138
1.0,24.02645,140
1.0,24.02645,140
1.0,24.02835,140
1.0,24.02645,140
1.0,26.36533,142
1.0,26.36533,142
1.0,26.36723,142
1.0,26.36723,142
1.0,27.56947,144
1.0,27.57137,144
1.0,27.57137,144
1.0,27.57137,144
1.0,29.80517,146
1.0,29.80327,146
1.0,29.80517,146
1.0,29.80707,146
1.0,31.79323,148
1.0,31.79323,148
1.0,31.79513,148
1.0,31.79703,148
1.0,32.89378,150
1.0,32.89568,150
1.0,32.89758,150
1.0,32.89568,150
1.0,33.93675,152
1.0,33.93675,152
1.0,33.93675,152
1.0,33.93675,152
1.0,35.74485,154
1.0,35.74675,154
1.0,35.74865,154
1.0,35.75245,154
1.0,37.65842,156
1.0,37.66222,156
1.0,37.66032,156
1.0,37.66222,156
1.0,37.73331,158
1.0,37.73521,158
1.0,37.73521,158
1.0,37.73711,158
1.0,39.50871,160
1.0,39.51061,160
1.0,39.51251,160
1.0,39.51251,160
1.0,40.50399,162
1.0,40.50419,162
1.0,40.50609,162
1.0,40.50609,162
1.0,41.46658,164
1.0,41.47038,164
1.0,41.47038,164
1.0,41.47227,164
1.0,42.08784,166
1.0,42.09184,166
1.0,42.09563,166
1.0,42.09563,166
1.0,43.1329,168
1.0,43.135,168
1.0,43.135,168
1.0,43.1348,168
1.0,43.46303,170
1.0,43.46113,170
1.0,43.46303,170
1.0,43.46683,170
1.0,44.12288,172
1.0,44.12478,172
1.0,44.12478,172
1.0,44.12668,172
1.0,44.41042,174
1.0,44.41232,174
1.0,44.41251,174
1.0,44.41422,174
1.0,44.50679,176
1.0,44.50869,176
1.0,44.51059,176
1.0,44.50679,176
1.0,44.59897,178
1.0,44.60087,178
1.0,44.60467,178
1.0,44.60277,178
1.0,44.60107,180
1.0,44.60487,180
1.0,44.60677,180
1.0,44.60867,180
1.0,44.55698,182
1.0,44.55888,182
1.0,44.56287,182
1.0,44.56268,182
1.0,44.42281,184
1.0,44.42471,184
1.0,44.42661,184
1.0,44.42471,184
1.0,44.4593,186
1.0,44.465,186
1.0,44.4631,186
1.0,44.4631,186
1.0,42.92053,188
1.0,42.92053,188
1.0,42.92433,188
1.0,42.92623,188
1.0,42.70788,190
1.0,42.70788,190
1.0,42.71358,190
1.0,42.71358,190
